4.219067
-3.377282
4.219067
-3.377282
4.219067
-3.377282
4.219067
-3.377282
4.219067
-3.377282
4.219067
-3.377282
4.219067
-3.377282
4.219067
-3.377282
4.219067
-3.377282
4.219067
-3.377282
4.219067
-3.377282
4.219067
-3.377282
4.219067
-3.377282
4.219067
-3.377282
4.219067
-3.377282
4.219067
-3.377282
4.219067
-3.377282
4.219067
-3.377282
4.219067
-3.377282
4.219067
-3.377282
4.219067
-3.377282
4.219067
-3.377282
4.219067
-3.377282
4.219067
-3.377282
4.219067
-3.377282
4.219067
-3.377282
4.219067
-3.377282
4.219067
-3.377282
4.219067
-3.377282
4.219067
-3.377282
4.219067
-3.377282
4.219067
-3.377282
4.219067
-3.377282
4.219067
-3.377282
4.219067
-3.377282
4.219067
-3.377282
0.8
0
-3.377282
